20000001 177777777777 95 92
20190002 96 89 94.5
20190003 95 86 96
20190004 91 79 89
20190005 90 82 88
20190006 88 83 86
20190007 95 77 79
20190008 95 -99 96
20190009 70 92 80
20190010 75 3333 88
20190011 66 92 77
20190012 75 89 87
20190013 64 85.5 76
20190014 73 93.5 77
20190015 58.5 81 87
20100016 60 88.5 82
20190017 56.5 84 80
20190018 60 87 65
20190019 71 89 53
20190020 75 87 72
20190021 57 89 59
20190022 66 77 82
20190023 52 87.5 69
20190024 50.5 82 63 
20190025 88 50 63.5
20190026 89 78 63
20190027 90 86 77
20190028 91 67 80
20190029 79 59 90
20190030 78 87 73
